0 65 7 0
0 66 7 0
0 67 7 0
0 68 7 0
0 69 7 0
0 70 7 0
0 71 7 0
0 72 7 0
0 73 7 0
0 74 7 0
0 75 7 0
0 76 7 0
0 77 7 0
0 78 7 0
0 79 7 0
0 80 7 0
0 81 7 0
0 82 7 0
0 83 7 0
0 84 7 0
0 85 7 0
0 86 7 0
0 87 7 0
0 88 7 0
0 89 7 0
0 90 7 0
0 97 7 0
0 98 7 0
0 99 7 0
0 100 7 0
0 101 7 0
0 102 7 0
0 103 7 0
0 104 7 0
0 105 7 0
0 106 7 0
0 107 7 0
0 108 7 0
0 109 7 0
0 110 7 0
0 111 7 0
0 112 7 0
0 113 7 0
0 114 7 0
0 115 7 0
0 116 7 0
0 117 7 0
0 118 7 0
0 119 7 0
0 120 7 0
0 121 7 0
0 122 7 0
7 48 7 0
7 49 7 0
7 50 7 0
7 51 7 0
7 52 7 0
7 53 7 0
7 54 7 0
7 55 7 0
7 56 7 0
7 57 7 0
7 65 7 0
7 66 7 0
7 67 7 0
7 68 7 0
7 69 7 0
7 70 7 0
7 71 7 0
7 72 7 0
7 73 7 0
7 74 7 0
7 75 7 0
7 76 7 0
7 77 7 0
7 78 7 0
7 79 7 0
7 80 7 0
7 81 7 0
7 82 7 0
7 83 7 0
7 84 7 0
7 85 7 0
7 86 7 0
7 87 7 0
7 88 7 0
7 89 7 0
7 90 7 0
7 97 7 0
7 98 7 0
7 99 7 0
7 100 7 0
7 101 7 0
7 102 7 0
7 103 7 0
7 104 7 0
7 105 7 0
7 106 7 0
7 107 7 0
7 108 7 0
7 109 7 0
7 110 7 0
7 111 7 0
7 112 7 0
7 113 7 0
7 114 7 0
7 115 7 0
7 116 7 0
7 117 7 0
7 118 7 0
7 119 7 0
7 120 7 0
7 121 7 0
7 122 7 0
7 32 0 101
7 9 0 101
7 13 0 101
7 10 0 101